Sampling Rate Calculated Error
31500.00   0.13098024
29400.00   0.04190460
26460.00   0.07626781
25200.00   0.12699212
24500.00   0.14202296
22050.00   0.00394813
19600.00   0.13878602
18900.00   0.10658887
17640.00   0.05531488
14700.00   0.00027594
12600.00   0.07704468
11025.00   0.00013188
9800.00   0.10121750
8820.00   0.00016181
7350.00   0.00028364
6300.00   0.00044246
4900.00   0.00065119
MinError   0.00013188
SampRateMin 11025.00000000
Time Elapsed Parallel 8.222155e+00
Time Elapsed Serial 2.193891e+00
